*a*

5. 11111, 1111ἓ11111111111111 111 11111111 011111111111111111, 011111111111111111111111, 111
11111111 11111111.

6. Θ1111111111 11111311111131111111 &octa 111011111111.

7. Bibliotheca scriptorum classicorum ct graec. 11 latin. 111 111. 1111111111. 11111111.

8. 0111111111 111 1111111111 1111111 111 Dr. 81111111 111111. 111111 91111.

9. §iiie 11111111 9111111111 111 9111111111 111 5111111111. 11111111 11111111 111111.

10. 61111111 11111. 91111111111111111110161111. 1111111111111111. 5 181111.

11. 1111111111111111 1111111111111111 &ccccm 111111. 8111· 11111 1853.

12. 3111 1111111111 11111111 11 1111111 21111 111 Danista. (1111111 111 1111111111.

13. 011111 de oratore 11111. 111. 11111111. 11111111 1859.

14.2111111111111111111111111111111111 9111111 111 1111111111 8111 111 111 8111111111 111 91111.
11111111.

15111111111111111111111111 111 (S. &inienio 1111111 1839-1816.

16. 1111111111, 111ς1ὲ11 1111111111111 &iiie 111 111. 11. 911111. 8111111 11111111 consosonantia.
311111. 111111 85.

17. Gallus 1111 0111111111 &tanen 111111. 11. 111111. 3111111111111111110. 11111. 11111111 1840.

18. 0111111. 1111111111 11111. 11111111, 11111111 1854.

19. 911111. 11111111 111 11. 11111111 110111111111111. 1111111 1856.

20. 0. 011111. Τ11111 dc vita ct moribus On. Julii Agricolae liber, ad fidem codicum denuo collatorum
111 Fr. K. Wex. Brunsvigae 1842.

21. (1111111111 111 1111116111111111111 111 1111111111111111111. 111111 1852.

22. 1111111111 1111111111 111 11111111 111 a. 01. 10111111. 11111111.

23. 1111111111 1111111111 111 111 11111111 111 111 111 1111111 Brit, 111 111. 91111111. 3111101. Θ111111818.

24. Ρ. Ovidii Nasonis Fastorum libri VI. 111 11. 11111111. 111111 1841. “

25. Dr. 1. 111111 1111111 1111 1101111111 1111111111 (111111111111111 111 0118111111 1849- 1855. 4

aa 11111111. 011111. 11111111.
11101 111 1111111111111111111111 1111111111 111 111 11111111111111111, ’111 11111111111111111

11111111 1111 11111111 111 1111111111111Ι 111 111111111111111111111 1111111111.

3. 611111111111111111111.

1111111111111 111111 111 Dicta 1859 111 11111 1860 1111111111 86 81111111, 111111111111158.
aa 1111111111111 1111111111 &diliciis 275, 1111111180 1111111111.

siit 1111 3111111 111 111111 111111 111 1111111111111 ὀ

11311111 18591

i. 1111111111 311111 11111 11111111 1111111111, &aba 011 θ111111111111111 &cimici 1111111111.
2.iii131³?1111111nii0213111tto8bprgmocu 1111111, &aba 111 1111111111 1111111111 1111111111. &tucinam
3. 111ῗῖ1ω1ῐῗὲ111111 11111111 1111111 1111111111, &obn 111 1311111111 1111111111 1111111111111.
1.911161111Μὲ1111ῗ11ΐῖε1ξῐ1110111311. &obn 111 Θ111111111111111 11111111 11 11111111 1. 1. 111111. &tus
5. 6111111111) Ξὲῑιῠὲοιῗῇΐ 0111111111 1111111111, &aba 111 1111111111τὸ 9111111111 11 1111111. &rubium
1.(11ῗ31ώ111ῐ111111111 1111111111 6111111. &aba 111 611111111111111111 6111111 11111111. &iccium
1. &magnam 1111111111 1111111111, &oio 111 1111111 1111111111 11 91111. 8111111111
8. Βοῗέξιοιξοῃὲᾗο (cericis, &obn 111 1111111111 01111111 11 11111111. Quoiam: 2111111111.

9. ffitogtssiffiil[ascbirzaieiiuoolf 9111111111, 15111 111 9111111111119111111111111 11111111. 1. 1111.

 

